5
5
5
0.080000 0.080000 0.080000 0.080000 0.080000 
0.080000 0.080000 0.080000 0.080000 0.080000 
0.080000 0.080000 0.080000 0.080000 0.080000 
0.080000 0.080000 0.080000 0.080000 0.080000 
0.080000 0.080000 0.080000 0.080000 0.080000 
0.080000 0.080000 0.080000 0.080000 0.080000 
0.080000 0.080000 0.080000 0.080000 0.080000 
0.080000 0.080000 0.080000 0.080000 0.080000 
0.080000 0.080000 0.080000 0.080000 0.080000 
0.080000 0.080000 0.080000 0.080000 0.080000 
0.080000 0.080000 0.080000 0.080000 0.080000 
0.080000 0.080000 0.080000 0.080000 0.080000 
0.080000 0.080000 0.080000 0.080000 0.080000 
0.080000 0.080000 0.080000 0.080000 0.080000 
0.080000 0.080000 0.080000 0.080000 0.080000 
0.080000 0.080000 0.080000 0.080000 0.080000 
0.080000 0.080000 0.080000 0.080000 0.080000 
0.080000 0.080000 0.080000 0.080000 0.080000 
0.080000 0.080000 0.080000 0.080000 0.080000 
0.080000 0.080000 0.080000 0.080000 0.080000 
0.080000 0.080000 0.080000 0.080000 0.080000 
0.080000 0.080000 0.080000 0.080000 0.080000 
0.080000 0.080000 0.080000 0.080000 0.080000 
0.080000 0.080000 0.080000 0.080000 0.080000 
0.080000 0.080000 0.080000 0.080000 0.080000 
