5
5
5
0.05 0.05 0.05 0.05 0.05
0.05 0.05 0.05 0.05 0.05
0.05 0.05 0.05 0.05 0.05
0.05 0.05 0.05 0.05 0.05
0.05 0.05 0.05 0.05 0.05
0.05 0.05 0.05 0.05 0.05
0.05 0.05 0.05 0.05 0.05
0.05 0.05 0.05 0.05 0.05
0.05 0.05 0.05 0.05 0.05
0.05 0.05 0.05 0.05 0.05
0.05 0.05 0.05 0.05 0.05
0.05 0.05 0.05 0.05 0.05
0.05 0.05 0.05 0.05 0.05
0.05 0.05 0.05 0.05 0.05
0.05 0.05 0.05 0.05 0.05
0.05 0.05 0.05 0.05 0.05
0.05 0.05 0.05 0.05 0.05
0.05 0.05 0.05 0.05 0.05
0.05 0.05 0.05 0.05 0.05
0.05 0.05 0.05 0.05 0.05
0.05 0.05 0.05 0.05 0.05
0.05 0.05 0.05 0.05 0.05
0.05 0.05 0.05 0.05 0.05
0.05 0.05 0.05 0.05 0.05
0.05 0.05 0.05 0.05 0.05
