5
5
5
0.08 0.08 0.08 0.08 0.08
0.08 0.08 0.08 0.08 0.08
0.08 0.08 0.08 0.08 0.08
0.08 0.08 0.08 0.08 0.08
0.08 0.08 0.08 0.08 0.08
0.08 0.08 0.08 0.08 0.08
0.08 0.08 0.08 0.08 0.08
0.08 0.08 0.08 0.08 0.08
0.08 0.08 0.08 0.08 0.08
0.08 0.08 0.08 0.08 0.08
0.08 0.08 0.08 0.08 0.08
0.08 0.08 0.08 0.08 0.08
0.08 0.08 0.08 0.08 0.08
0.08 0.08 0.08 0.08 0.08
0.08 0.08 0.08 0.08 0.08
0.08 0.08 0.08 0.08 0.08
0.08 0.08 0.08 0.08 0.08
0.08 0.08 0.08 0.08 0.08
0.08 0.08 0.08 0.08 0.08
0.08 0.08 0.08 0.08 0.08
0.08 0.08 0.08 0.08 0.08
0.08 0.08 0.08 0.08 0.08
0.08 0.08 0.08 0.08 0.08
0.08 0.08 0.08 0.08 0.08
0.08 0.08 0.08 0.08 0.08
