5
5
5
0.02 0.02 0.02 0.02 0.02
0.02 0.02 0.02 0.02 0.02
0.02 0.02 0.02 0.02 0.02
0.02 0.02 0.02 0.02 0.02
0.02 0.02 0.02 0.02 0.02
0.02 0.02 0.02 0.02 0.02
0.02 0.02 0.02 0.02 0.02
0.02 0.02 0.02 0.02 0.02
0.02 0.02 0.02 0.02 0.02
0.02 0.02 0.02 0.02 0.02
0.02 0.02 0.02 0.02 0.02
0.02 0.02 0.02 0.02 0.02
0.02 0.02 0.02 0.02 0.02
0.02 0.02 0.02 0.02 0.02
0.02 0.02 0.02 0.02 0.02
0.02 0.02 0.02 0.02 0.02
0.02 0.02 0.02 0.02 0.02
0.02 0.02 0.02 0.02 0.02
0.02 0.02 0.02 0.02 0.02
0.02 0.02 0.02 0.02 0.02
0.02 0.02 0.02 0.02 0.02
0.02 0.02 0.02 0.02 0.02
0.02 0.02 0.02 0.02 0.02
0.02 0.02 0.02 0.02 0.02
0.02 0.02 0.02 0.02 0.02
