5
5
5
0.12 0.12 0.12 0.12 0.12
0.12 0.12 0.12 0.12 0.12
0.12 0.12 0.12 0.12 0.12
0.12 0.12 0.12 0.12 0.12
0.12 0.12 0.12 0.12 0.12
0.12 0.12 0.12 0.12 0.12
0.12 0.12 0.12 0.12 0.12
0.12 0.12 0.12 0.12 0.12
0.12 0.12 0.12 0.12 0.12
0.12 0.12 0.12 0.12 0.12
0.12 0.12 0.12 0.12 0.12
0.12 0.12 0.12 0.12 0.12
0.12 0.12 0.12 0.12 0.12
0.12 0.12 0.12 0.12 0.12
0.12 0.12 0.12 0.12 0.12
0.12 0.12 0.12 0.12 0.12
0.12 0.12 0.12 0.12 0.12
0.12 0.12 0.12 0.12 0.12
0.12 0.12 0.12 0.12 0.12
0.12 0.12 0.12 0.12 0.12
0.12 0.12 0.12 0.12 0.12
0.12 0.12 0.12 0.12 0.12
0.12 0.12 0.12 0.12 0.12
0.12 0.12 0.12 0.12 0.12
0.12 0.12 0.12 0.12 0.12
