5
5
5
0.15 0.15 0.15 0.15 0.15
0.15 0.15 0.15 0.15 0.15
0.15 0.15 0.15 0.15 0.15
0.15 0.15 0.15 0.15 0.15
0.15 0.15 0.15 0.15 0.15
0.15 0.15 0.15 0.15 0.15
0.15 0.15 0.15 0.15 0.15
0.15 0.15 0.15 0.15 0.15
0.15 0.15 0.15 0.15 0.15
0.15 0.15 0.15 0.15 0.15
0.15 0.15 0.15 0.15 0.15
0.15 0.15 0.15 0.15 0.15
0.15 0.15 0.15 0.15 0.15
0.15 0.15 0.15 0.15 0.15
0.15 0.15 0.15 0.15 0.15
0.15 0.15 0.15 0.15 0.15
0.15 0.15 0.15 0.15 0.15
0.15 0.15 0.15 0.15 0.15
0.15 0.15 0.15 0.15 0.15
0.15 0.15 0.15 0.15 0.15
0.15 0.15 0.15 0.15 0.15
0.15 0.15 0.15 0.15 0.15
0.15 0.15 0.15 0.15 0.15
0.15 0.15 0.15 0.15 0.15
0.15 0.15 0.15 0.15 0.15
