5
5
5
0.150000 0.150000 0.150000 0.150000 0.150000 
0.150000 0.150000 0.150000 0.150000 0.150000 
0.150000 0.150000 0.150000 0.150000 0.150000 
0.150000 0.150000 0.150000 0.150000 0.150000 
0.150000 0.150000 0.150000 0.150000 0.150000 
0.150000 0.150000 0.150000 0.150000 0.150000 
0.150000 0.150000 0.150000 0.150000 0.150000 
0.150000 0.150000 0.150000 0.150000 0.150000 
0.150000 0.150000 0.150000 0.150000 0.150000 
0.150000 0.150000 0.150000 0.150000 0.150000 
0.150000 0.150000 0.150000 0.150000 0.150000 
0.150000 0.150000 0.150000 0.150000 0.150000 
0.150000 0.150000 0.150000 0.150000 0.150000 
0.150000 0.150000 0.150000 0.150000 0.150000 
0.150000 0.150000 0.150000 0.150000 0.150000 
0.150000 0.150000 0.150000 0.150000 0.150000 
0.150000 0.150000 0.150000 0.150000 0.150000 
0.150000 0.150000 0.150000 0.150000 0.150000 
0.150000 0.150000 0.150000 0.150000 0.150000 
0.150000 0.150000 0.150000 0.150000 0.150000 
0.150000 0.150000 0.150000 0.150000 0.150000 
0.150000 0.150000 0.150000 0.150000 0.150000 
0.150000 0.150000 0.150000 0.150000 0.150000 
0.150000 0.150000 0.150000 0.150000 0.150000 
0.150000 0.150000 0.150000 0.150000 0.150000 
