Layer 0:
0.126888 0.198396 0.181580 0.106535 0.097145 
0.174605 0.119964 0.158854 0.095772 0.091238 
0.084736 0.196577 0.800000 0.181282 0.181852 
0.800000 0.088032 0.060346 0.071343 0.063024 
0.199322 0.116238 0.074681 0.145621 0.086740 
Layer 1:
0.157331 0.166369 0.121378 0.173448 0.081931 
0.134753 0.186325 0.125687 0.119991 0.187189 
0.054560 0.183622 0.099395 0.113709 0.096894 
0.085877 0.158941 0.053315 0.069107 0.080751 
0.068133 0.140656 0.140740 0.153714 0.092194 
Layer 2:
0.101308 0.197074 0.064203 0.146157 0.155664 
0.169563 0.088087 0.077778 0.097873 0.171169 
0.092257 0.060174 0.800000 0.138077 0.104150 
0.196406 0.193570 0.114495 0.145141 0.093979 
0.133127 0.148849 0.101416 0.117338 0.188086 
Layer 3:
0.121895 0.134624 0.155516 0.122478 0.155795 
0.161371 0.194354 0.099108 0.094667 0.141648 
0.115762 0.082455 0.072485 0.068540 0.090145 
0.181260 0.152921 0.051300 0.195712 0.186586 
0.164446 0.096581 0.164694 0.066480 0.060559 
Layer 4:
0.140626 0.104290 0.188353 0.192899 0.154220 
0.120091 0.112612 0.076269 0.083474 0.156954 
0.085079 0.071085 0.060000 0.163592 0.093734 
0.150837 0.179543 0.050624 0.140674 0.066543 
0.180575 0.160645 0.154643 0.051720 0.150963 
