5
5
5
0.020000 0.020000 0.020000 0.020000 0.020000 
0.020000 0.020000 0.020000 0.020000 0.020000 
0.020000 0.020000 0.020000 0.020000 0.020000 
0.020000 0.020000 0.020000 0.020000 0.020000 
0.020000 0.020000 0.020000 0.020000 0.020000 
0.020000 0.020000 0.020000 0.020000 0.020000 
0.020000 0.020000 0.020000 0.020000 0.020000 
0.020000 0.020000 0.020000 0.020000 0.020000 
0.020000 0.020000 0.020000 0.020000 0.020000 
0.020000 0.020000 0.020000 0.020000 0.020000 
0.020000 0.020000 0.020000 0.020000 0.020000 
0.020000 0.020000 0.020000 0.020000 0.020000 
0.020000 0.020000 0.020000 0.020000 0.020000 
0.020000 0.020000 0.020000 0.020000 0.020000 
0.020000 0.020000 0.020000 0.020000 0.020000 
0.020000 0.020000 0.020000 0.020000 0.020000 
0.020000 0.020000 0.020000 0.020000 0.020000 
0.020000 0.020000 0.020000 0.020000 0.020000 
0.020000 0.020000 0.020000 0.020000 0.020000 
0.020000 0.020000 0.020000 0.020000 0.020000 
0.020000 0.020000 0.020000 0.020000 0.020000 
0.020000 0.020000 0.020000 0.020000 0.020000 
0.020000 0.020000 0.020000 0.020000 0.020000 
0.020000 0.020000 0.020000 0.020000 0.020000 
0.020000 0.020000 0.020000 0.020000 0.020000 
