5
5
5
0.139042 0.115254 0.089647 0.102987 0.102197 
0.088089 0.118269 0.107016 0.082259 0.098563 
0.110464 0.129770 0.096151 0.078133 0.067524 
0.109407 0.110658 0.109843 0.097998 0.085230 
0.092469 0.140813 0.113683 0.093714 0.120912 
0.132470 0.076446 0.091296 0.088974 0.147233 
0.146966 0.101900 0.147079 0.087227 0.126977 
0.127660 0.096397 0.045357 0.086410 0.128561 
0.112694 0.106595 0.074161 0.093108 0.114536 
0.087827 0.113300 0.123703 0.155304 0.071197 
0.107508 0.110003 0.091999 0.086882 0.086343 
0.124814 0.108833 0.087446 0.100357 0.100094 
0.131740 0.138081 0.098884 0.093142 0.082687 
0.145723 0.125765 0.100805 0.095196 0.097932 
0.090209 0.138843 0.120883 0.092668 0.101205 
0.113188 0.092967 0.106625 0.090141 0.082781 
0.105065 0.079972 0.073111 0.130337 0.085341 
0.106929 0.116922 0.079320 0.104848 0.119466 
0.106221 0.134741 0.115757 0.099861 0.089556 
0.114423 0.070075 0.115177 0.111274 0.115818 
0.067771 0.133950 0.097337 0.086231 0.095359 
0.083252 0.102578 0.053401 0.136709 0.134105 
0.103763 0.109912 0.103058 0.130561 0.081844 
0.083255 0.092512 0.089312 0.084910 0.079784 
0.092343 0.131969 0.102691 0.098127 0.113187 
