Layer 0:
0.123070 0.064156 0.151830 0.128296 0.078141 
0.061315 0.177236 0.064037 0.060385 0.072167 
0.084897 0.128380 0.800000 0.080149 0.165981 
0.800000 0.095620 0.154089 0.064698 0.148939 
0.122249 0.111997 0.074567 0.059988 0.164348 
Layer 1:
0.165071 0.120500 0.083558 0.150464 0.168069 
0.150367 0.114830 0.094885 0.163515 0.079877 
0.154099 0.149418 0.115725 0.127544 0.094880 
0.082109 0.124538 0.120741 0.149568 0.139841 
0.124556 0.172501 0.176089 0.183831 0.124344 
Layer 2:
0.179011 0.151410 0.102067 0.179517 0.154919 
0.138682 0.167857 0.174566 0.183796 0.065510 
0.131294 0.130466 0.800000 0.059187 0.118806 
0.072764 0.190947 0.073271 0.065478 0.177989 
0.164120 0.158253 0.103417 0.101138 0.157364 
Layer 3:
0.050274 0.060895 0.198050 0.199223 0.068878 
0.176549 0.169598 0.149774 0.147517 0.154603 
0.109944 0.063808 0.050817 0.169860 0.180732 
0.075324 0.131130 0.161957 0.178136 0.087873 
0.155866 0.169990 0.144188 0.165269 0.161694 
Layer 4:
0.156355 0.083350 0.091833 0.138394 0.080325 
0.165908 0.092909 0.114999 0.129717 0.058173 
0.074876 0.183453 0.196190 0.097476 0.077498 
0.189285 0.126480 0.128287 0.140562 0.084423 
0.176395 0.150455 0.179228 0.186993 0.109170 
